,TimeStamp,USM,SUJvalues,JointValues,EndoscopePosition,EE
45,1.64E+12,3.00E+00,0.45511 0.0421889 0.0241563 -0.476976 0.0 0.0,0.788388 0.673562 -0.156606 0.124894 0.692921 0.267543 0.256005 0.280755 0.763958 0.0241563,5.13485e-06 0.000287544 0.0502235 -0.272387 0.8562 0.439002 -0.786036 -0.461151 0.41169 0.554937 -0.232934 0.798615,[0.046988182772524 -0.137490163715126 -0.989387975245972 0.656932706479796;-0.906707711383397 0.409732992133818 -0.100000006374759 0.0966187854481355;0.419133912726731 0.901784525282319 -0.105410782957553 1.01015128875947;0 0 0 1]
50,1.64E+12,3.00E+00,0.45511 0.0421889 0.0241563 -0.476976 0.0 0.0,0.788386 0.662799 -0.137152 0.125883 0.689402 0.195605 0.192825 0.303148 0.764012 0.0241563,-0.00156225 0.00212025 0.0520354 -0.306667 0.85492 0.418406 -0.808521 -0.465936 0.359441 0.502246 -0.228063 0.834108,[0.0655864009599058 -0.173611445438257 -0.982627849199261 0.723206190059632;-0.863871913194887 0.482988441228296 -0.142994696520068 0.109897533721562;0.499423409145118 0.858243107547448 -0.118300577957878 0.991009959669227;0 0 0 1]
55,1.64E+12,3.00E+00,0.45511 0.0421889 0.0241563 -0.476976 0.0 0.0,0.788386 0.660701 -0.124034 0.126161 0.744984 0.222901 0.144276 0.3108 0.764139 0.0241563,-0.000688934 0.00307501 0.0525208 -0.336388 0.861216 0.380981 -0.834095 -0.460283 0.304016 0.437185 -0.215509 0.873169,[0.0622935033428846 -0.140091264683763 -0.988177087874726 0.690913580338174;-0.816409765431994 0.562373394431919 -0.131191692352823 0.120640666807457;0.574103313305669 0.814929814643215 -0.0793396676135479 1.01362795571439;0 0 0 1]
60,1.64E+12,3.00E+00,0.45511 0.0421889 0.0241563 -0.476976 0.0 0.0,0.788387 0.670838 -0.137912 0.128665 0.628168 0.231598 0.00204659 0.314895 0.764121 0.0241563,0.00206503 0.0020079 0.0541935 -0.46755 0.81327 0.34639 -0.809206 -0.551497 0.202579 0.355787 -0.185587 0.915955,[0.114481772380242 -0.32355579534246 -0.939257989634896 0.696377513638088;-0.686839541553923 0.65731294020981 -0.310146969662337 0.0848179699419835;0.71773628022462 0.680625701786997 -0.146980563736443 0.985766554086352;0 0 0 1]
65,1.64E+12,3.00E+00,0.455174 0.0421889 0.0241563 -0.476976 0.0 0.0,0.788387 0.66913 -0.138715 0.131471 0.579984 0.221449 -0.119965 0.317363 0.764102 0.0241563,0.00280438 0.00295427 0.0569902 -0.509545 0.808491 0.294453 -0.819551 -0.56027 0.120139 0.262107 -0.180104 0.948082,[0.104411127733455 -0.421844518548256 -0.900636174365775 0.712027125263842;-0.550229253856919 0.729862848687643 -0.405645153188863 0.0742225271479515;0.828460068202135 0.537910238121889 -0.155905391562209 0.971635743097834;0 0 0 1]
70,1.64E+12,3.00E+00,0.45511 0.0421889 0.0241563 -0.47688 0.0 0.0,0.788387 0.659324 -0.121816 0.134629 0.619719 0.231554 -0.148783 0.319259 0.764121 0.0241563,0.00279802 0.0048752 0.0603876 -0.490503 0.827174 0.2742 -0.837466 -0.534439 0.114133 0.240953 -0.173652 0.954874,[0.102035416875775 -0.382440431867887 -0.918328965989689 0.693536694611674;-0.507262676572084 0.774106139485244 -0.378740361947571 0.083641150223458;0.855729718228783 0.504478939980606 -0.115011514450214 0.985332025194551;0 0 0 1]
77,1.64E+12,3.00E+00,0.45511 0.0421889 0.0241563 -0.476976 0.0 0.0,0.788389 0.636793 -0.13155 0.133344 0.639234 0.212523 -0.107238 -0.870994 0.763813 0.0241563,-0.00130074 0.000416796 0.0591685 -0.461533 0.836504 0.295371 -0.85058 -0.51185 0.120509 0.251994 -0.19562 0.947749,[-0.497621806724391 0.710878901007908 -0.497014814240122 0.716021936225055;0.331168352631707 0.685298965078554 0.648608395472541 0.11312771508312;0.801685761185487 0.158166104346199 -0.576440303716172 0.982196737894227;0 0 0 1]
83,1.64E+12,3.00E+00,0.45511 0.0421889 0.0241563 -0.476976 0.0 0.0,0.788386 0.583692 -0.149003 0.130265 0.631719 0.24336 -0.0469798 -1.22777 0.764084 0.0241563,-0.00639196 -0.00324796 0.0598997 -0.475363 0.843251 0.250905 -0.839747 -0.519945 0.156474 0.262406 -0.136317 0.95528,[-0.324998816214962 0.906440902385172 -0.269704764403651 0.692599104414281;0.638567115645227 0.42069074802206 0.644399979318106 0.110484478360368;0.697572797832175 0.0372046369663158 -0.715547347638712 0.977787840048921;0 0 0 1]
85,1.64E+12,3.00E+00,0.45511 0.0421889 0.0241563 -0.476976 0.0 0.0,0.788386 0.578934 -0.150996 0.130043 0.640298 0.246489 -0.0359722 -1.24379 0.764121 0.0241563,-0.00633152 -0.00328074 0.0597263 -0.463278 0.847239 0.259915 -0.846356 -0.509953 0.15372 0.262785 -0.148767 0.953316,[-0.303697844577046 0.916253557775902 -0.261241338731561 0.688890234894607;0.644624811062189 0.399507481280662 0.651807199533588 0.112493324634256;0.701588534799632 0.029549792956685 -0.711969337523691 0.980032022415019;0 0 0 1]
90,1.64E+12,3.00E+00,0.455174 0.0421889 0.0241563 -0.47688 0.0 0.0,0.788387 0.583912 -0.147934 0.129603 0.700813 0.231516 0.00307035 -1.23319 0.764266 0.0241563,-0.0059841 -0.00257918 0.0589504 -0.393087 0.871866 0.292112 -0.870449 -0.455215 0.187344 0.296314 -0.180628 0.937854,[-0.23873965156797 0.934294604481647 -0.264758325281165 0.697389713692349;0.619722779383031 0.356490520740643 0.699183942418471 0.130170090862819;0.747627618191687 0.00284616558686515 -0.664112071760842 0.995142810567668;0 0 0 1]
95,1.64E+12,3.00E+00,0.45511 0.0421889 0.0241563 -0.476976 0.0 0.0,0.788387 0.588386 -0.149177 0.12917 0.736713 0.213331 0.0389643 -1.24453 0.764084 0.0241563,-0.00559744 -0.00300836 0.0583533 -0.363082 0.875183 0.319721 -0.87753 -0.436543 0.198424 0.313232 -0.208522 0.9265,[-0.185140500895981 0.948313855617699 -0.257728202126735 0.712530234916419;0.604845566761024 0.316664066512316 0.730674831473904 0.141028602613249;0.774522327178191 -0.0206082561944795 -0.632210775358268 1.00127254082846;0 0 0 1]
100,1.64E+12,3.00E+00,0.45511 0.0421889 0.0241563 -0.476976 0.0 0.0,0.788387 0.588964 -0.149752 0.129063 0.740931 0.206606 0.0511534 -1.23804 0.764048 0.0241563,-0.00566266 -0.00296552 0.0584095 -0.362568 0.873252 0.325531 -0.877503 -0.43753 0.196357 0.313901 -0.214464 0.924916,[-0.18232458576899 0.949055270313716 -0.257005523897688 0.718759697953186;0.586603412535743 0.314766157010812 0.7462028563347 0.142743593772073;0.789084394615422 -0.014709190678059 -0.614108669442151 1.00100459645845;0 0 0 1]
104,1.64E+12,3.00E+00,0.455174 0.0421889 0.0241563 -0.476976 0.0 0.0,0.788387 0.588404 -0.149869 0.129062 0.742497 0.199755 0.0529881 -1.2412 0.764084 0.0241563,-0.00557888 -0.00313771 0.058422 -0.359281 0.872379 0.331461 -0.878927 -0.435702 0.194037 0.313695 -0.221618 0.923297,[-0.178017243005754 0.950299528366393 -0.255422527548455 0.725279652928035;0.587793677797815 0.310863072727539 0.746902096901134 0.143858618994506;0.789182142178565 -0.0171742947745636 -0.613919041947265 0.999688486658734;0 0 0 1]
110,1.64E+12,3.00E+00,0.455174 0.0421889 0.0241563 -0.47688 0.0 0.0,0.788387 0.588947 -0.151192 0.128988 0.746075 0.194266 0.0553317 -1.24345 0.763994 0.0241563,-0.00539935 -0.00326553 0.0582199 -0.356038 0.869981 0.341126 -0.879803 -0.435105 0.191396 0.314938 -0.231981 0.920325,[-0.173463946235067 0.951323675600676 -0.254742072689567 0.73049200556869;0.588110363858942 0.307539973926275 0.748027649461655 0.145212878200503;0.789959783329671 -0.020060625091082 -0.612830410507421 0.999217213923014;0 0 0 1]
115,1.64E+12,3.00E+00,0.455046 0.0421889 0.0241563 -0.476976 0.0 0.0,0.788387 0.592267 -0.153006 0.129018 0.746257 0.184542 0.0569574 -1.2508 0.764102 0.0241563,-0.00472967 -0.00340998 0.0580163 -0.3552 0.865015 0.354369 -0.879106 -0.437995 0.187979 0.317818 -0.244759 0.916016,[-0.168542403211983 0.951965892684627 -0.255645061530024 0.740072906372975;0.593889115034855 0.305068148599357 0.744465676679106 0.146044303300172;0.786695098092423 -0.0263507850987653 -0.616779100458204 0.997042727163519;0 0 0 1]
120,1.64E+12,3.00E+00,0.45511 0.0421889 0.0241563 -0.476976 0.0 0.0,0.788386 0.60688 -0.165919 0.128524 0.605198 0.208547 0.0556194 -1.21094 0.764229 0.0241563,-0.0027997 -0.00343568 0.0555338 -0.54012 0.761557 0.358186 -0.724312 -0.637369 0.262931 0.428536 -0.117426 0.89586,[-0.336257987860536 0.892446548039538 -0.300781855324248 0.73269472190772;0.499966912307082 0.439820469282453 0.746050294147979 0.108739569975425;0.798100026436603 0.100484395268501 -0.594086891043236 0.968722361649421;0 0 0 1]
125,1.64E+12,3.00E+00,0.455174 0.0421889 0.0241563 -0.476976 0.0 0.0,0.788387 0.633789 -0.177112 0.122215 0.159569 0.437653 0.225162 0.0499098 0.764266 0.0241563,-0.00567803 -0.00128017 0.046724 -0.636841 0.613466 0.467 -0.324114 -0.76261 0.559801 0.699561 0.205142 0.684492,[0.0557317173667498 -0.402647518855882 -0.913656911120665 0.630905031448433;-0.943154369581841 0.279060856206058 -0.180512807501913 -0.116187096417322;0.327648913958269 0.871779796790878 -0.364206226044013 0.827556080813544;0 0 0 1]
130,1.64E+12,3.00E+00,0.45511 0.0421889 0.0241563 -0.476976 0.0 0.0,0.788386 0.663704 -0.131941 0.118029 0.260975 0.367289 0.262063 0.314189 0.763741 0.0241563,-0.0048362 0.00511295 0.0447463 -0.574044 0.676112 0.46189 -0.472476 -0.734214 0.487541 0.668761 0.0616373 0.740916,[0.255243299378321 -0.480140477724974 -0.839235354219842 0.649481540336344;-0.910879273735789 0.171692201864219 -0.37526089124445 -0.0599452625878958;0.324268109441912 0.860224917954049 -0.393526725559927 0.881434933608362;0 0 0 1]
135,1.64E+12,3.00E+00,0.45511 0.0421889 0.0241563 -0.476976 0.0 0.0,0.788389 0.680573 -0.0896196 0.122723 0.388009 0.264167 0.109065 0.268779 0.764193 0.0241563,-0.00229375 0.00853017 0.050262 -0.551389 0.744708 0.376001 -0.642921 -0.666538 0.377332 0.531624 -0.0336837 0.846309,[0.127721585546035 -0.399231988642533 -0.907910246571838 0.700281302349949;-0.816224162717472 0.477726847755754 -0.324892559363112 0.0158306194707333;0.56344060270961 0.782554073644678 -0.264846765206508 0.929016400869289;0 0 0 1]
140,1.64E+12,3.00E+00,0.45511 0.0421889 0.0241563 -0.476976 0.0 0.0,0.788386 0.669913 -0.0852813 0.128289 0.450426 0.225828 -0.130283 0.306362 0.764193 0.0241563,-0.000729014 0.00858969 0.0543188 -0.599219 0.755459 0.264978 -0.744717 -0.647462 0.161834 0.293825 -0.100361 0.950575,[0.0860398449608245 -0.483889993568594 -0.870888982134522 0.721706322229954;-0.554194034541467 0.703166303493579 -0.445450470546197 0.0431114998072044;0.827928811648543 0.520967968070363 -0.20766862807576 0.942134926451979;0 0 0 1]
145,1.64E+12,3.00E+00,0.45511 0.0421889 0.0241405 -0.476976 0.0 0.0,0.788386 0.670929 -0.0786458 0.131034 0.457072 0.192681 -0.258047 0.321246 0.763867 0.0241405,0.0013553 0.00964988 0.0565563 -0.619133 0.749326 0.234906 -0.753131 -0.651317 0.0926371 0.222416 -0.119562 0.967592,[0.0618260943605775 -0.532771738022835 -0.84399751730692 0.750179366509199;-0.379490461670988 0.76955888523837 -0.5135816504232 0.0538096575372792;0.92312757707527 0.352041755072896 -0.154602972572772 0.94089285861836;0 0 0 1]
150,1.64E+12,3.00E+00,0.45511 0.0421889 0.0241563 -0.476976 0.0 0.0,0.788387 0.683124 -0.0878088 0.13351 0.446752 0.147388 -0.237068 0.321617 0.76403 0.0241563,0.00409695 0.00901471 0.0571905 -0.615643 0.729678 0.297573 -0.745622 -0.661589 0.0796788 0.255014 -0.172825 0.951367,[0.0739106714613235 -0.542088043499932 -0.837064971037824 0.795319308347544;-0.405049317874675 0.750691533493743 -0.521916920237382 0.0653915195718876;0.911302508903271 0.377627825557426 -0.164088276946811 0.932716625971007;0 0 0 1]
160,1.64E+12,3.00E+00,0.45511 0.0421889 0.0241563 -0.476976 0.0 0.0,0.788386 0.659018 -0.0820508 0.135387 0.467187 0.159992 -0.353047 0.316592 0.764048 0.0241563,0.00244186 0.00902406 0.0603414 -0.641605 0.745233 0.181569 -0.760947 -0.648187 -0.0285066 0.0964493 -0.156456 0.982963,[0.0189439112129559 -0.547383804264178 -0.836667257072507 0.777889201831229;-0.25131304556331 0.807343739293141 -0.533889351601868 0.0661759155720522;0.967720456205019 0.220379348972281 -0.122270442826156 0.938180201812417;0 0 0 1]
170,1.64E+12,3.00E+00,0.455046 0.0421889 0.0241563 -0.476976 0.0 0.0,0.788388 0.663502 -0.0863237 0.136067 0.641615 0.113182 -0.346815 -0.227402 0.764121 0.0241563,0.00256303 0.00756099 0.0603233 -0.540142 0.800693 0.259102 -0.839344 -0.53494 -0.0966461 0.0612231 -0.269681 0.961001,[-0.365259431827226 0.0985234945469514 -0.925677410593728 0.798964139813887;-0.049730745543568 0.990898467482384 0.125088289175062 0.119704598378813;0.929576462916813 0.0917243051939884 -0.357035364393707 0.962513676410445;0 0 0 1]
180,1.64E+12,3.00E+00,0.45511 0.0421889 0.0241563 -0.476976 0.0 0.0,0.788387 0.628157 -0.10904 0.13385 0.519438 0.0762913 -0.292259 -1.20474 0.764102 0.0241563,-0.000349835 0.00259953 0.0604693 -0.62363 0.733478 0.270355 -0.770728 -0.634713 -0.0558524 0.130634 -0.243203 0.961138,[-0.496307131385787 0.828791942695365 -0.258424354616304 0.861959656544244;0.770414624596056 0.557682741932919 0.308951882270846 0.120766506999857;0.400175633371309 -0.0457588797221153 -0.915295355271973 0.927202096733815;0 0 0 1]
185,1.64E+12,3.00E+00,0.45511 0.0421889 0.0241563 -0.476976 0.0 0.0,0.788387 0.621728 -0.11893 0.133685 0.525164 0.0971878 -0.253115 -1.21643 0.764175 0.0241563,-0.000549895 0.00220305 0.0607526 -0.604693 0.744204 0.28373 -0.779737 -0.625773 -0.0204355 0.162345 -0.233594 0.958685,[-0.477404344112312 0.839866974161504 -0.258279999100769 0.842610742773472;0.758180360701221 0.542305324399059 0.362032423652079 0.117526605497668;0.444125694899158 -0.0229869711191209 -0.895669563114159 0.931872208543025;0 0 0 1]
190,1.64E+12,3.00E+00,0.45511 0.0421889 0.0241563 -0.476976 0.0 0.0,0.788387 0.625457 -0.116172 0.133673 0.5477 0.111199 -0.204877 -1.2381 0.764084 0.0241563,-0.000297019 0.00278244 0.0604318 -0.566465 0.764087 0.308682 -0.79776 -0.602368 0.0270753 0.20663 -0.230919 0.950778,[-0.425360893693204 0.863641696927958 -0.270538591413343 0.826311899847489;0.759612281975329 0.50319851618251 0.412044214112944 0.11743465462658;0.49199318205515 -0.0302369416296852 -0.870073810760978 0.938939112927314;0 0 0 1]
195,1.64E+12,3.00E+00,0.45511 0.0421889 0.0241563 -0.47688 0.0 0.0,0.788387 0.626691 -0.118081 0.133619 0.568361 0.134671 -0.165117 -1.22954 0.764139 0.0241563,-0.000420741 0.00264577 0.0605027 -0.541573 0.781023 0.310962 -0.808979 -0.584785 0.0598452 0.228589 -0.219153 0.948535,[-0.399591044468971 0.870704819811234 -0.286705622438214 0.801521410801068;0.733842499537198 0.491271710772691 0.469177250159757 0.11570672221937;0.549365254683252 -0.0229177431690102 -0.835267977355079 0.947678115274648;0 0 0 1]
200,1.64E+12,3.00E+00,0.455174 0.0421889 0.0241563 -0.476976 0.0 0.0,0.788387 0.624533 -0.118076 0.133883 0.581736 0.13831 -0.152255 -1.22048 0.764012 0.0241563,-0.000527152 0.00254989 0.060994 -0.531066 0.787172 0.313568 -0.815485 -0.575323 0.0631534 0.230118 -0.222173 0.947461,[-0.387924769403333 0.87388346950206 -0.292988148249061 0.796151097180225;0.722165032805863 0.485701892013692 0.492515317007326 0.117420462730897;0.572705891951426 -0.0205269049143353 -0.81950387887963 0.951186862273824;0 0 0 1]
205,1.64E+12,3.00E+00,0.45511 0.0421889 0.0241563 -0.476976 0.0 0.0,0.788387 0.621795 -0.115728 0.13437 0.587226 0.133215 -0.147527 -1.22212 0.764139 0.0241563,-0.000642324 0.00290276 0.0616678 -0.527358 0.788121 0.317419 -0.817523 -0.572432 0.0630676 0.231408 -0.22624 0.946184,[-0.377181334309902 0.878842885626165 -0.292180463810429 0.799948547102265;0.723510149526748 0.47655558471522 0.499427510464249 0.119567993706812;0.578158546231035 -0.0230207962723004 -0.815599618905628 0.951341805984959;0 0 0 1]
210,1.64E+12,3.00E+00,0.45511 0.0421889 0.0241563 -0.476976 0.0 0.0,0.788387 0.62073 -0.114338 0.134576 0.591016 0.130302 -0.145046 -1.22265 0.764012 0.0241563,-0.000682845 0.00293473 0.0617574 -0.522199 0.790783 0.319322 -0.820037 -0.568419 0.0666225 0.234195 -0.227068 0.945299,[-0.370877331493332 0.88147471224534 -0.292322316384466 0.802080376114587;0.724269179515247 0.471561121154144 0.503054932010568 0.120844854130706;0.58127804069025 -0.0251483734631345 -0.813316296851024 0.95156054708263;0 0 0 1]
215,1.64E+12,3.00E+00,0.45511 0.0421889 0.0241563 -0.476976 0.0 0.0,0.788387 0.618279 -0.112868 0.134549 0.594122 0.128121 -0.140195 -1.22653 0.764084 0.0241563,-0.00116064 0.00300942 0.0619299 -0.520226 0.791007 0.321976 -0.820814 -0.567219 0.0672892 0.235859 -0.229278 0.944351,[-0.362001704329649 0.885842446327422 -0.290237706625238 0.803688888678406;0.725696642186554 0.463230388071853 0.508706193284456 0.121912042610166;0.585080464194106 -0.0264720201618405 -0.810543078785428 0.951697987149134;0 0 0 1]
220,1.64E+12,3.00E+00,0.455046 0.0421889 0.0241563 -0.476976 0.0 0.0,0.788387 0.615078 -0.107928 0.134767 0.592884 0.121454 -0.137444 -1.22765 0.764175 0.0241563,-0.00132009 0.00357621 0.0623921 -0.519147 0.790962 0.323822 -0.820791 -0.56703 0.0691397 0.238306 -0.229898 0.943587,[-0.356178258072922 0.888851825831181 -0.28823511269919 0.809609993433894;0.725869750796705 0.45744152276198 0.51367339636342 0.122992857307957;0.588430245105118 -0.026261853890697 -0.808121378058862 0.950112156823083;0 0 0 1]
225,1.64E+12,3.00E+00,0.45511 0.0421889 0.0241563 -0.476976 0.0 0.0,0.788387 0.617431 -0.104589 0.135308 0.604168 0.122659 -0.126727 -1.22092 0.764084 0.0241563,-0.000757853 0.00412054 0.0627327 -0.497719 0.801943 0.330394 -0.829375 -0.551518 0.0892587 0.253801 -0.229597 0.939611,[-0.343026461258033 0.891718118723563 -0.295248443885655 0.806658373944711;0.717958495629372 0.451578145951763 0.529728965275996 0.124493285045324;0.605696661234318 -0.0302650762245539 -0.795119852431519 0.952946863873948;0 0 0 1]
230,1.64E+12,3.00E+00,0.45511 0.0421889 0.0241405 -0.476976 0.0 0.0,0.788387 0.621008 -0.100491 0.136091 0.632694 0.122612 -0.0953194 -1.22125 0.764175 0.0241405,-0.000226944 0.00508755 0.0634005 -0.469153 0.810274 0.351209 -0.839671 -0.532483 0.106841 0.273585 -0.244777 0.930179,[-0.300003352968518 0.904921631029045 -0.301852331286972 0.80322127536744;0.706371818950979 0.423396012127708 0.567251857913431 0.129313895360629;0.641121549785634 -0.0430425209541212 -0.766231361789885 0.959303046702539;0 0 0 1]
235,1.64E+12,3.00E+00,0.45511 0.0421889 0.0241563 -0.476976 0.0 0.0,0.788387 0.62222 -0.0854838 0.138393 0.650915 0.0998931 -0.0746415 -1.22318 0.764084 0.0241563,0.000310526 0.00721896 0.0658686 -0.437332 0.817259 0.375266 -0.847269 -0.514322 0.132699 0.301459 -0.259919 0.917367,[-0.257475973205016 0.917424575440133 -0.303378100067591 0.821247029690924;0.703870867542777 0.393172324372155 0.591592194989399 0.135145823683415;0.662021091089029 -0.0612182303426668 -0.746980858675109 0.957945154669552;0 0 0 1]
240,1.64E+12,3.00E+00,0.45511 0.0421889 0.0241563 -0.476976 0.0 0.0,0.788387 0.617663 -0.0760574 0.140003 0.663141 0.0837076 -0.0577589 -1.22216 0.763994 0.0241563,0.000214367 0.00769658 0.0671763 -0.428815 0.817855 0.383701 -0.848051 -0.510806 0.141019 0.311333 -0.264929 0.912624,[-0.229196425809061 0.926251328990019 -0.299211420137292 0.834300265051135;0.694890743245601 0.370953650316093 0.616052144115043 0.138756101346736;0.6816126857299 -0.0667222965835983 -0.728664725227373 0.956126504913513;0 0 0 1]
