{
    "P1": {
        "type_id": "opencv-matrix",
        "rows": 3,
        "cols": 4,
        "dt": "d",
        "data": [ 8.2572909006503187e+02, 0.0, 3.8724927520751953e+02,
            0.0, 0.0, 8.2572909006503187e+02, 3.4791796493530273e+02,
            0.0, 0.0, 0.0, 1.0, 0.0 ]
    },
    "P2": {
        "type_id": "opencv-matrix",
        "rows": 3,
        "cols": 4,
        "dt": "d",
        "data": [ 8.2572909006503187e+02, 0.0, 3.8724927520751953e+02,
            -3.5752213173627606e+03, 0.0, 8.2572909006503187e+02,
            3.4791796493530273e+02, 0.0, 0.0, 0.0, 1.0, 0.0 ]
    },
    "Q": {
        "type_id": "opencv-matrix",
        "rows": 4,
        "cols": 4,
        "dt": "d",
        "data": [ 1.0, 0.0, 0.0, -3.8724927520751953e+02, 0.0, 1.0, 0.0,
            -3.4791796493530273e+02, 0.0, 0.0, 0.0,
            8.2572909006503187e+02, 0.0, 0.0, 2.3095887408562604e-01,
            0.0 ]
    }
}
